Subhalos that never cross out of Rvir
Hall&Oates: 2.556390977443609%
Hamilton&Burr: 1.1560693641618496%
iBurr: 4.086538461538462%
iCharybdis: 2.608695652173913%
iCher: 7.720588235294118%
iDouglas: 1.2307692307692308%
iHall: 1.935483870967742%
iHall_HiRes: 4.6711317190451656%
iHamilton: 3.2945736434108532%
iHera: 7.310704960835509%
iKauket: 2.6923076923076925%
iKauket_HiRes: 7.604464053983909%
iKek: 0.41841004184100417%
iLincoln: 11.11111111111111%
iLouise: 7.580174927113703%
iOates: 2.903225806451613%
iOrion: 6.268958543983821%
iRemus: 4.1062801932367154%
iRomulus: 4.587155963302752%
iRoy: 1.9955654101995564%
iScylla: 11.65644171779141%
iScylla_HiRes: 8.066933066933068%
iSerena: 11.32596685082873%
iSiegfried: 11.265432098765432%
iSonny: 1.5544041450777202%
iTaurus: 4.054054054054054%
iThelma: 3.8461538461538463%
iVenus: 5.623471882640587%
iZeus: 8.387942332896461%
Kek&Kauket: 6.896551724137931%
Lincoln&Douglas: 5.429864253393665%
Orion&Taurus: 6.117021276595745%
Romulus&Remus: 7.505070993914807%
Scylla&Charybdis: 0.9689922480620154%
Serena&Venus: 2.639751552795031%
Siegfried&Roy: 2.7138157894736845%
Sonny&Cher: 1.195814648729447%
Thelma&Louise: 3.650793650793651%
Zeus&Hera: 3.571428571428571%

Earliest accretion (min(a_acc))
Hall&Oates: 0.22229209674660108
Hamilton&Burr: 0.16832524308659252
iBurr: 0.1914662103787039
iCharybdis: 0.1851090599732191
iCher: 0.2656530148596277
iDouglas: 0.23886587994232084
iHall: 0.3264105907034206
iHall_HiRes: 0.1699550252818024
iHamilton: 0.26468353842699965
iHera: 0.2483167001473143
iKauket: 0.2685585034215586
iKauket_HiRes: 0.2685768238450229
iKek: 0.23420695589833412
iLincoln: 0.30055908240382617
iLouise: 0.2625893600724433
iOates: 0.2872029317299086
iOrion: 0.29137351913114085
iRemus: 0.21416532959171156
iRomulus: 0.27431618086774356
iRoy: 0.3961886175003403
iScylla: 0.3642650683015604
iScylla_HiRes: 0.22457809162955464
iSerena: 0.3329897887129356
iSiegfried: 0.2637545851666744
iSonny: 0.36001982728712384
iTaurus: 0.18178720994065325
iThelma: 0.21297465818853498
iVenus: 0.2531004622982824
iZeus: 0.24251368281253824
Kek&Kauket: 0.22585546276960095
Lincoln&Douglas: 0.20688273209448182
Orion&Taurus: 0.21460553929830545
Romulus&Remus: 0.2112171147586261
Scylla&Charybdis: 0.20914417075877262
Serena&Venus: 0.17676587729877383
Siegfried&Roy: 0.28618204689377885
Sonny&Cher: 0.24581281912823483
Thelma&Louise: 0.21127212157887948
Zeus&Hera: 0.33141838741938257
